Epoch: 0, F1-score: 0.12629400193691254
Epoch: 0, Best F1-score: 0.12629400193691254
